0 0 0
0.872620 0.007615 0
1.744975 0.030459 0
2.616798 0.068523 0
3.487824 0.121797 0
4.357787 0.190265 0
5.226423 0.273905 0
6.093467 0.372692 0
6.958655 0.486597 0
7.821723 0.615583 0
8.682409 0.759612 0
9.540450 0.918641 0
10.395584 1.092620 0
11.247553 1.281497 0
12.096095 1.485214 0
12.940952 1.703709 0
13.781868 1.936915 0
14.618585 2.184762 0
15.450849 2.447174 0
16.278407 2.724071 0
17.101007 3.015369 0
17.918397 3.320979 0
18.730329 3.640807 0
19.536556 3.974757 0
20.336832 4.322727 0
21.130913 4.684610 0
21.918557 5.060298 0
22.699525 5.449674 0
23.473578 5.852620 0
24.240481 6.269014 0
25.000000 6.698730 0
25.751903 7.141635 0
26.495963 7.597595 0
27.231951 8.066471 0
27.959645 8.548121 0
28.678821 9.042397 0
29.389262 9.549150 0
30.090751 10.068224 0
30.783073 10.599462 0
31.466019 11.142702 0
32.139380 11.697777 0
32.802951 12.264521 0
33.456530 12.842758 0
34.099918 13.432314 0
34.732918 14.033010 0
35.355339 14.644660 0
35.966990 15.267081 0
36.567685 15.900081 0
37.157241 16.543469 0
37.735479 17.197048 0
38.302222 17.860619 0
38.857298 18.533980 0
39.400537 19.216926 0
39.931775 19.909248 0
40.450849 20.610737 0
40.957602 21.321178 0
41.451878 22.040354 0
41.933528 22.768048 0
42.402404 23.504036 0
42.858365 24.248096 0
43.301270 24.999999 0
43.730985 25.759518 0
44.147379 26.526421 0
44.550326 27.300474 0
44.939702 28.081442 0
45.315389 28.869086 0
45.677272 29.663167 0
46.025242 30.463443 0
46.359192 31.269669 0
46.679021 32.081602 0
46.984631 32.898992 0
47.275928 33.721591 0
47.552825 34.549149 0
47.815237 35.381414 0
48.063084 36.218131 0
48.296291 37.059047 0
48.514786 37.903904 0
48.718503 38.752446 0
48.907380 39.604414 0
49.081359 40.459549 0
49.240387 41.317590 0
49.384417 42.178276 0
49.513403 43.041344 0
49.627307 43.906532 0
49.726095 44.773576 0
49.809735 45.642212 0
49.878202 46.512175 0
49.931477 47.383201 0
49.969541 48.255024 0
49.992385 49.127378 0
50.000000 49.999999 0
49.992385 50.872619 0
49.969541 51.744973 0
49.931477 52.616796 0
49.878203 53.487822 0
49.809735 54.357786 0
49.726095 55.226422 0
49.627308 56.093466 0
49.513404 56.958654 0
49.384417 57.821722 0
49.240388 58.682407 0
49.081359 59.540448 0
48.907380 60.395583 0
48.718504 61.247551 0
48.514787 62.096093 0
48.296292 62.940951 0
48.063085 63.781866 0
47.815238 64.618584 0
47.552826 65.450848 0
47.275929 66.278406 0
46.984632 67.101006 0
46.679022 67.918396 0
46.359193 68.730328 0
46.025243 69.536555 0
45.677274 70.336831 0
45.315390 71.130912 0
44.939703 71.918556 0
44.550327 72.699523 0
44.147380 73.473577 0
43.730986 74.240479 0
43.301271 74.999998 0
42.858366 75.751902 0
42.402406 76.495962 0
41.933529 77.231950 0
41.451880 77.959644 0
40.957603 78.678820 0
40.450851 79.389261 0
39.931777 80.090750 0
39.400539 80.783072 0
38.857299 81.466018 0
38.302223 82.139379 0
37.735480 82.802950 0
37.157243 83.456529 0
36.567686 84.099917 0
35.966991 84.732917 0
35.355340 85.355338 0
34.732920 85.966989 0
34.099919 86.567684 0
33.456532 87.157240 0
32.802953 87.735478 0
32.139382 88.302221 0
31.466021 88.857297 0
30.783075 89.400536 0
30.090753 89.931774 0
29.389264 90.450848 0
28.678824 90.957601 0
27.959647 91.451877 0
27.231954 91.933527 0
26.495965 92.402404 0
25.751906 92.858364 0
25.000002 93.301269 0
24.240483 93.730984 0
23.473580 94.147379 0
22.699527 94.550325 0
21.918559 94.939701 0
21.130915 95.315388 0
20.336834 95.677272 0
19.536559 96.025242 0
18.730332 96.359192 0
17.918400 96.679020 0
17.101009 96.984630 0
16.278410 97.275928 0
15.450852 97.552825 0
14.618588 97.815237 0
13.781870 98.063084 0
12.940955 98.296291 0
12.096097 98.514786 0
11.247555 98.718503 0
10.395587 98.907380 0
9.540452 99.081359 0
8.682411 99.240387 0
7.821726 99.384417 0
6.958658 99.513403 0
6.093470 99.627307 0
5.226426 99.726094 0
4.357790 99.809735 0
3.487826 99.878202 0
2.616800 99.931477 0
1.744977 99.969541 0
0.872623 99.992385 0
0.000003 100.000000 0
-0.872618 99.992385 0
-1.744972 99.969541 0
-2.616795 99.931477 0
-3.487821 99.878203 0
-4.357784 99.809735 0
-5.226420 99.726095 0
-6.093464 99.627308 0
-6.958652 99.513404 0
-7.821720 99.384417 0
-8.682406 99.240388 0
-9.540447 99.081360 0
-10.395582 98.907381 0
-11.247550 98.718504 0
-12.096092 98.514787 0
-12.940949 98.296292 0
-13.781865 98.063086 0
-14.618582 97.815239 0
-15.450847 97.552827 0
-16.278405 97.275930 0
-17.101004 96.984632 0
-17.918395 96.679022 0
-18.730327 96.359194 0
-19.536554 96.025244 0
-20.336829 95.677274 0
-21.130910 95.315391 0
-21.918555 94.939704 0
-22.699522 94.550328 0
-23.473575 94.147381 0
-24.240478 93.730987 0
-24.999997 93.301272 0
-25.751901 92.858367 0
-26.495961 92.402406 0
-27.231949 91.933530 0
-27.959643 91.451880 0
-28.678819 90.957604 0
-29.389260 90.450852 0
-30.090749 89.931777 0
-30.783071 89.400540 0
-31.466017 88.857300 0
-32.139378 88.302224 0
-32.802949 87.735481 0
-33.456528 87.157243 0
-34.099916 86.567687 0
-34.732916 85.966992 0
-35.355337 85.355341 0
-35.966988 84.732921 0
-36.567683 84.099920 0
-37.157239 83.456533 0
-37.735477 82.802954 0
-38.302220 82.139383 0
-38.857296 81.466022 0
-39.400536 80.783076 0
-39.931773 80.090754 0
-40.450848 79.389265 0
-40.957600 78.678825 0
-41.451877 77.959648 0
-41.933526 77.231955 0
-42.402403 76.495966 0
-42.858363 75.751907 0
-43.301268 75.000003 0
-43.730984 74.240484 0
-44.147378 73.473581 0
-44.550325 72.699528 0
-44.939701 71.918561 0
-45.315388 71.130916 0
-45.677271 70.336835 0
-46.025241 69.536560 0
-46.359191 68.730333 0
-46.679020 67.918401 0
-46.984630 67.101011 0
-47.275928 66.278411 0
-47.552825 65.450853 0
-47.815237 64.618589 0
-48.063084 63.781871 0
-48.296290 62.940956 0
-48.514785 62.096098 0
-48.718502 61.247556 0
-48.907379 60.395588 0
-49.081358 59.540454 0
-49.240387 58.682413 0
-49.384416 57.821727 0
-49.513403 56.958659 0
-49.627307 56.093471 0
-49.726094 55.226427 0
-49.809735 54.357791 0
-49.878202 53.487828 0
-49.931477 52.616802 0
-49.969541 51.744979 0
-49.992385 50.872624 0
-50.000000 50.000004 0
-49.992385 49.127384 0
-49.969541 48.255029 0
-49.931477 47.383206 0
-49.878203 46.512180 0
-49.809735 45.642217 0
-49.726095 44.773581 0
-49.627308 43.906537 0
-49.513404 43.041349 0
-49.384418 42.178281 0
-49.240388 41.317595 0
-49.081360 40.459554 0
-48.907381 39.604420 0
-48.718504 38.752451 0
-48.514787 37.903909 0
-48.296292 37.059052 0
-48.063086 36.218136 0
-47.815239 35.381419 0
-47.552827 34.549154 0
-47.275930 33.721596 0
-46.984633 32.898997 0
-46.679023 32.081607 0
-46.359194 31.269674 0
-46.025244 30.463448 0
-45.677275 29.663172 0
-45.315391 28.869091 0
-44.939704 28.081447 0
-44.550328 27.300479 0
-44.147382 26.526426 0
-43.730988 25.759523 0
-43.301272 25.000004 0
-42.858367 24.248100 0
-42.402407 23.504041 0
-41.933531 22.768052 0
-41.451881 22.040359 0
-40.957605 21.321182 0
-40.450852 20.610741 0
-39.931778 19.909252 0
-39.400541 19.216930 0
-38.857301 18.533984 0
-38.302225 17.860623 0
-37.735482 17.197052 0
-37.157244 16.543473 0
-36.567688 15.900085 0
-35.966993 15.267085 0
-35.355342 14.644664 0
-34.732922 14.033013 0
-34.099921 13.432318 0
-33.456534 12.842762 0
-32.802955 12.264524 0
-32.139384 11.697781 0
-31.466023 11.142705 0
-30.783078 10.599465 0
-30.090755 10.068227 0
-29.389267 9.549153 0
-28.678826 9.042401 0
-27.959649 8.548124 0
-27.231956 8.066474 0
-26.495967 7.597598 0
-25.751908 7.141637 0
-25.000004 6.698732 0
-24.240485 6.269017 0
-23.473583 5.852623 0
-22.699529 5.449676 0
-21.918562 5.060300 0
-21.130918 4.684613 0
-20.336837 4.322729 0
-19.536561 3.974759 0
-18.730334 3.640809 0
-17.918402 3.320980 0
-17.101012 3.015371 0
-16.278413 2.724073 0
-15.450855 2.447176 0
-14.618590 2.184764 0
-13.781873 1.936917 0
-12.940957 1.703710 0
-12.096100 1.485215 0
-11.247558 1.281498 0
-10.395590 1.092621 0
-9.540455 0.918642 0
-8.682414 0.759613 0
-7.821728 0.615584 0
-6.958660 0.486597 0
-6.093472 0.372693 0
-5.226428 0.273906 0
-4.357792 0.190266 0
-3.487829 0.121798 0
-2.616803 0.068524 0
-1.744980 0.030459 0
-0.872626 0.007615 0
0 0 0